27638686 23287718 26032266 26357840 25547119
25176043 26979473 24788700 25778918 26000842
23892895 25494202 25411213 26369767 27698232
26969735 25138099 25035423 27251395 23584588
25854182 27594426 27223891 27725344 27225000
26758805 26471004 25161212 25271839 27683561
25603988 25797153 27199655 27166368 27317429
26818188 25100830 26165496 26137216 27142468
26576611 26187504 27000743 27329820 27347935
27587393 27628577 26527742 25254960 26771356
27119507 26203860 26676643 26053263 26556628
26496748 27042825 25118589 26327763 26336798
12324474 27258939 27681626 25403732 27175029
27743815 27562951 27383988 26275422 26841432
11854419 27041224 26144883 27152442 25865334
25587897 24759083 27297885 27149851 27743341
27601680 27333051 27325650 25418680 27172204
26755333 27257074 26414932 27730579 26435409
24123613 25811180 27385011 27279606 27630083
27233509 27214565 27655312 27570484 27126636
